1319
1245
1175
1109
1175
1109
1047
988
1047
988
932
880
831
784
740
698
659
622
587
554
587
554
523
494
523
494
466
440
415
392
370
349
330
311
294
277
294
277
262
247
330
311
294
277
294
277
262
247
330
311
294
277
262
247
233
220
208
220
233
247
262
277
294
311
330
311
294
277
262
349
330
311
330
311
294
277
262
277
294
311
330
311
294
277
262
349
330
311
330
311
294
277
262
277
294
311
330
311
294
277
294
277
262
247
262
277
294
311
330
349
330
311
330
311
294
277
294
277
262
247
262
277
294
311
330
370
392
415
440
415
392
370
349
466
440
415
440
415
392
370
349
370
392
415
440
415
392
370
349
466
440
415
440
415
392
370
349
370
392
415
440
415
392
370
392
370
349
330
349
370
392
415
440
466
440
415
440
415
392
370
392
370
349
330
349
370
392
415
440
466
440
415
440
220
0
220
0
220
0
220
0
220
0
220
0
220
0
233
208
233
208
233
208
233
208
220
0
220
0
220
0
220
0
220
0
220
0
220
0
220
0
233
208
233
208
233
208
233
208
220
233
220
208
220
233
220
208
220
233
220
208
220
233
220
208
220
233
247
262
277
262
247
233
220
233
247
262
277
294
311
330
294
0
294
0
294
0
294
0
294
0
294
0
294
0
294
0
311
277
311
277
311
277
311
277
294
0
294
0
294
0
294
0
294
0
294
0
294
0
294
0
311
277
311
277
311
277
311
277
294
311
294
277
294
311
294
277
294
311
294
277
294
311
294
277
294
311
330
349
370
349
330
311
294
311
330
349
370
392
415
440
587
554
523
494
466
622
587
554
587
554
523
494
466
494
523
554
587
554
523
494
523
494
466
440
466
494
523
554
523
554
587
622
659
622
587
554
587
554
523
494
523
494
466
440
415
392
370
349
330
349
330
311
330
349
330
311
330
349
330
311
330
349
330
311
330
349
330
311
330
349
330
311
330
349
330
311
330
349
330
311
659
0
659
523
440
349
440
523
659
0
1319
1047
880
698
880
1047
1319
0
0
0
659
0
0
0
330
0
330
349
370
392
415
440
466
494
523
554
587
622
659
622
587
554
523
698
659
622
659
622
587
554
523
554
587
622
659
622
587
554
523
698
659
622
659
622
587
554
523
554
587
622
659
622
587
554
587
554
523
494
523
554
587
622
659
698
659
622
659
622
587
554
587
554
523
494
523
554
587
622
659
698
740
784
880
831
784
740
698
932
880
831
880
831
784
740
698
740
784
831
880
831
784
740
698
932
880
831
880
831
784
740
698
740
784
831
880
831
784
740
784
740
698
659
698
740
784
831
880
932
880
831
880
831
784
740
659
698
740
784
831
880
932
988
1047
1109
1175
1245
1319
1245
1175
1109
1047
1397
1319
1245
1319
1245
1175
1109
1047
1109
1175
1245
1319
1245
1175
1109
1047
1397
1319
1245
1319
1245
1175
1109
1047
1109
1175
1245
1319
415
440
466
494
523
554
587
554
523
494
523
494
466
440
415
440
466
494
523
554
587
622
659
698
659
622
659
698
659
622
659
415
440
466
494
523
554
587
554
523
494
523
494
466
440
415
440
466
494
523
554
587
622
659
740
831
880
988
1047
1175
1245
1319
1245
1175
1109
1047
1397
1319
1245
1319
1245
1175
1109
1047
1109
1175
1245
1319
1245
1175
1109
1047
1397
1319
1245
1319
1245
1175
1109
1047
1109
1175
1245
1319
415
440
466
494
523
554
587
554
523
494
523
494
466
440
415
440
466
494
523
554
587
622
659
698
659
622
659
698
659
622
659
415
440
466
494
523
554
587
554
523
494
523
494
466
440
415
440
466
494
523
554
587
622
659
698
659
622
659
698
740
784
880
831
784
740
784
740
698
659
698
659
622
587
554
523
494
466
440
415
392
370
392
370
349
330
349
330
311
294
277
262
247
233
220
233
220
208
220
233
220
208
220
233
220
208
220
247
262
294
330
349
330
311
330
349
330
311
330
349
330
311
330
370
392
415
440
415
392
370
349
330
311
294
277
262
247
208
220
233
247
262
277
294
311
330
349
370
392
415
440
466
494
523
554
587
622
659
880
0
1319
0
440
0
330
0
220
0
