1320
1246
1176
1110
1176
1110
1048
989
1048
989
933
881
832
785
741
699
660
623
588
555
588
555
524
494
524
494
467
440
416
392
370
350
330
311
294
277
294
277
262
247
330
311
294
277
294
277
262
247
330
311
294
277
262
247
233
220
208
220
233
247
262
277
294
311
330
311
294
277
262
350
330
311
330
311
294
277
262
277
294
311
330
311
294
277
262
350
330
311
330
311
294
277
262
277
294
311
330
311
294
277
294
277
262
247
262
277
294
311
330
350
330
311
330
311
294
277
294
277
262
247
262
277
294
311
330
370
392
416
440
415
392
370
349
466
440
415
440
415
392
370
349
370
392
415
440
415
392
370
349
466
440
415
440
415
392
370
349
370
392
415
440
415
392
370
392
370
349
330
349
370
392
415
440
466
440
415
440
415
392
370
392
370
349
330
349
370
392
415
440
466
440
415
440
220
0
220
0
220
0
220
0
220
0
220
0
220
0
233
208
233
208
233
208
233
208
220
0
220
0
220
0
220
0
220
0
220
0
220
0
220
0
233
208
233
208
233
208
233
208
220
233
220
208
220
233
220
208
220
233
220
208
220
233
220
208
220
233
247
262
277
262
247
233
220
233
247
262
277
294
311
330
294
0
294
0
294
0
294
0
294
0
294
0
294
0
294
0
311
277
311
277
311
277
311
277
294
0
294
0
294
0
294
0
294
0
294
0
294
0
294
0
311
277
311
277
311
277
311
277
294
311
294
277
294
311
294
277
294
311
294
277
294
311
294
277
294
311
330
350
370
350
330
311
294
311
330
350
370
392
416
441
588
555
524
494
467
623
588
555
588
555
524
494
467
494
524
555
588
555
524
494
524
494
467
441
467
494
524
555
524
555
588
623
660
623
588
555
588
555
524
494
524
494
467
440
416
392
370
350
330
350
330
311
330
350
330
311
330
350
330
311
330
350
330
311
330
350
330
311
330
350
330
311
330
350
330
311
330
350
330
311
660
0
660
524
440
350
440
524
660
0
1320
1048
880
699
880
1048
1320
0
0
0
660
0
0
0
330
0
330
350
370
392
416
440
467
494
524
555
588
623
660
623
588
555
524
699
660
623
660
623
588
555
524
555
588
623
660
623
588
555
524
699
660
623
660
623
588
555
524
555
588
623
660
623
588
555
588
555
524
494
524
555
588
623
660
699
660
623
660
623
588
555
588
555
524
494
523
554
587
622
659
699
740
784
880
831
784
740
698
932
880
831
880
831
784
740
698
740
784
831
880
831
784
740
698
932
880
831
880
831
784
740
698
740
784
831
880
831
784
740
784
740
698
659
698
740
784
831
880
932
880
831
880
831
784
740
660
699
741
785
832
881
933
989
1048
1110
1176
1246
1320
1246
1176
1110
1048
1398
1320
1246
1320
1246
1176
1110
1048
1110
1176
1246
1320
1246
1176
1110
1048
1398
1320
1246
1320
1246
1176
1110
1048
1110
1176
1246
1320
_
416
441
467
495
524
555
588
555
524
494
524
494
467
441
416
441
467
495
524
555
588
623
660
699
660
623
660
699
660
623
660
_
416
441
467
495
524
555
588
555
524
494
524
494
467
441
416
441
467
495
524
555
588
623
660
741
832
880
989
1048
1176
1246
1320
1246
1176
1110
1048
1398
1320
1246
1320
1246
1176
1110
1048
1110
1176
1246
1320
1246
1176
1110
1048
1398
1320
1246
1320
1246
1176
1110
1048
1110
1176
1246
1320
_
416
441
467
495
524
555
588
555
524
494
524
494
467
441
416
441
467
495
524
555
588
623
660
699
660
623
660
699
660
623
660
_
416
441
467
495
524
555
588
555
524
494
524
494
467
441
416
441
467
495
524
555
588
623
660
699
660
623
660
699
741
785
880
831
784
740
784
740
698
659
699
660
623
588
555
524
494
467
440
415
392
370
392
370
349
330
350
330
312
294
278
262
247
234
220
233
220
208
220
233
220
208
220
233
220
208
220
247
262
294
330
350
330
311
330
350
330
311
330
350
330
311
330
370
392
416
440
415
392
370
349
330
311
294
277
262
247
208
220
233
247
262
278
294
312
330
350
370
392
416
440
466
494
523
554
587
622
659
880
0
1320
0
440
0
330
0
220
0
